   Compiling visual_authoring_runtime v0.1.0 (C:\Users\thdwl\Documents\Codex\WebEditor\crates\runtime)
    Finished `release` profile [optimized] target(s) in 3.34s
     Running tests\phase0e_r2_bounded.rs (target\release\deps\phase0e_r2_bounded-0e97a6bc01ab86fe.exe)

running 1 test
test native_release_r2_structural_work_is_bounded_at_10k_and_100k has been running for over 60 seconds
PHASE0E_R2_NATIVE_JSON={"all_passed":true,"fixtures":[{"measured_iterations":30,"node_count":10000,"operations":{"group":{"allocated_bytes_samples":[672,672,672,672,672,672,672,672,672,672,672,672,672,672,672,672,672,672,672,672,672,672,672,672,672,672,672,672,672,672],"executions_per_timing_sample":8,"max_allocated_bytes":672,"max_work":225,"median_ms":0.04625,"p95_ms":0.05941250000000001,"samples_ms":[0.018487499999999997,0.01865,0.019312499999999996,0.0184375,0.018425,0.0515125,0.048737499999999996,0.047075,0.053225,0.0485625,0.0458375,0.05033750000000001,0.045662499999999995,0.045875,0.046512500000000005,0.0450875,0.089975,0.0497875,0.0492875,0.04625,0.047575,0.05329999999999999,0.05941250000000001,0.0495125,0.034375,0.022137499999999997,0.026649999999999997,0.024125,0.022875,0.033650000000000006],"work_samples":[225,225,225,225,225,225,225,225,225,225,225,225,225,225,225,225,225,225,225,225,225,225,225,225,225,225,225,225,225,225]},"load_explicit_full_boundary":{"allocated_bytes_samples":[],"executions_per_timing_sample":1,"max_allocated_bytes":0,"max_work":0,"median_ms":89.5146,"p95_ms":111.7068,"samples_ms":[86.7064,99.9353,88.9593,106.8035,93.0637,87.98880000000001,103.5751,87.66069999999999,88.0812,87.8125,93.1005,100.99220000000001,137.2551,86.99659999999999,89.5146,84.1473,82.6122,82.00309999999999,81.67620000000001,93.4561,109.2415,87.50099999999999,101.6952,111.7068,95.03150000000001,87.545,94.2214,89.9702,87.15259999999999,88.3169],"work_samples":[]},"loaded_ungroup":{"allocated_bytes_samples":[0,0,0,0,0,0,0,0,0,0,0,0,0,0,0,0,0,0,0,0,0,0,0,0,0,0,0,0,0,0],"executions_per_timing_sample":1,"max_allocated_bytes":0,"max_work":184,"median_ms":0.0095,"p95_ms":0.0099,"samples_ms":[0.0096,0.0096,0.0096,0.0094,0.0096,0.0099,0.0095,0.01,0.0096,0.0096,0.0095,0.0097,0.0095,0.0094,0.0095,0.0094,0.0099,0.0095,0.0094,0.0095,0.0095,0.0095,0.0094,0.0096,0.0096,0.0096,0.0095,0.0095,0.009300000000000001,0.0094],"work_samples":[184,184,184,184,184,184,184,184,184,184,184,184,184,184,184,184,184,184,184,184,184,184,184,184,184,184,184,184,184,184]},"redo":{"allocated_bytes_samples":[672,672,672,672,672,672,672,672,672,672,672,672,672,672,672,672,672,672,672,672,672,672,672,672,672,672,672,672,672,672],"executions_per_timing_sample":8,"max_allocated_bytes":672,"max_work":176,"median_ms":0.0327125,"p95_ms":0.0382,"samples_ms":[0.0130375,0.012837500000000002,0.013087499999999998,0.01285,0.0127875,0.0318625,0.033537500000000005,0.033862500000000004,0.0331875,0.03578749999999999,0.0324125,0.033174999999999996,0.0327125,0.032575,0.032525,0.033487499999999996,0.042062499999999996,0.034275,0.0341875,0.0360125,0.034175,0.034375,0.036937500000000005,0.0382,0.029099999999999997,0.015875,0.0165,0.01685,0.0156625,0.018075],"work_samples":[176,176,176,176,176,176,176,176,176,176,176,176,176,176,176,176,176,176,176,176,176,176,176,176,176,176,176,176,176,176]},"save_explicit_full_boundary":{"allocated_bytes_samples":[],"executions_per_timing_sample":1,"max_allocated_bytes":0,"max_work":0,"median_ms":36.250299999999996,"p95_ms":62.908699999999996,"samples_ms":[62.908699999999996,35.1957,42.5118,33.5539,34.1935,33.965500000000006,61.3456,75.1926,36.250299999999996,33.906800000000004,43.4379,47.2378,42.6806,53.3538,34.1686,40.0239,33.2959,33.4751,47.135200000000005,33.908,45.0587,34.2778,33.9459,34.929500000000004,48.8812,33.6375,37.8517,33.5428,33.6504,51.8881],"work_samples":[]},"sibling_insert_delete_reorder_then_ungroup":{"allocated_bytes_samples":[0,0,0,0,0,0,0,0,0,0,0,0,0,0,0,0,0,0,0,0,0,0,0,0,0,0,0,0,0,0],"executions_per_timing_sample":8,"max_allocated_bytes":0,"max_work":287,"median_ms":0.022625000000000003,"p95_ms":0.027375,"samples_ms":[0.021237500000000003,0.027375,0.022625000000000003,0.022012499999999997,0.02195,0.021875,0.021737500000000003,0.021462500000000002,0.021225,0.0218625,0.021162499999999997,0.0213,0.022025000000000003,0.022787499999999995,0.021537499999999998,0.021075,0.021699999999999997,0.021050000000000003,0.029712500000000003,0.0254625,0.025350000000000004,0.0248375,0.025225,0.026212500000000003,0.024975,0.024887499999999996,0.024962499999999995,0.024937499999999998,0.026025,0.0248875],"work_samples":[287,287,287,287,287,287,287,287,287,287,287,287,287,287,287,287,287,287,287,287,287,287,287,287,287,287,287,287,287,287]},"undo":{"allocated_bytes_samples":[0,0,0,0,0,0,0,0,0,0,0,0,0,0,0,0,0,0,0,0,0,0,0,0,0,0,0,0,0,0],"executions_per_timing_sample":8,"max_allocated_bytes":0,"max_work":210,"median_ms":0.029862500000000004,"p95_ms":0.0353,"samples_ms":[0.0116375,0.011662500000000001,0.011712499999999999,0.011975,0.011625,0.0300625,0.0314875,0.02965,0.031450000000000006,0.0315125,0.029412499999999998,0.029862500000000004,0.030175,0.02945,0.029337500000000002,0.032600000000000004,0.04305,0.031124999999999996,0.03355,0.0321375,0.030349999999999995,0.031387500000000006,0.0353,0.0322125,0.024612500000000002,0.01395,0.015425,0.015225,0.0142125,0.015187500000000001],"work_samples":[210,210,210,210,210,210,210,210,210,210,210,210,210,210,210,210,210,210,210,210,210,210,210,210,210,210,210,210,210,210]},"ungroup":{"allocated_bytes_samples":[0,0,0,0,0,0,0,0,0,0,0,0,0,0,0,0,0,0,0,0,0,0,0,0,0,0,0,0,0,0],"executions_per_timing_sample":8,"max_allocated_bytes":0,"max_work":279,"median_ms":0.04793750000000001,"p95_ms":0.06349999999999999,"samples_ms":[0.0209125,0.020450000000000003,0.018662500000000002,0.0186875,0.018574999999999998,0.0684625,0.0507,0.0482625,0.0569375,0.0500875,0.047875,0.049975000000000006,0.047299999999999995,0.04793750000000001,0.0471125,0.04706249999999999,0.06349999999999999,0.053987499999999994,0.0499,0.04838749999999999,0.0535375,0.052487500000000006,0.056275,0.05015,0.0345625,0.027212499999999997,0.025775,0.024925,0.024200000000000003,0.027225],"work_samples":[279,279,279,279,279,279,279,279,279,279,279,279,279,279,279,279,279,279,279,279,279,279,279,279,279,279,279,279,279,279]}},"structural_executions_per_timing_sample":8,"targets":["00000000-0000-0000-0000-000000000002","00000000-0000-0000-0000-00000000138a","00000000-0000-0000-0000-000000002711"],"warmups":10},{"measured_iterations":30,"node_count":100000,"operations":{"group":{"allocated_bytes_samples":[672,672,672,672,672,672,672,672,672,672,672,672,672,672,672,672,672,672,672,672,672,672,672,672,672,672,672,672,672,672],"executions_per_timing_sample":8,"max_allocated_bytes":672,"max_work":270,"median_ms":0.022062500000000002,"p95_ms":0.0250875,"samples_ms":[0.024037499999999996,0.02175,0.023975,0.027312499999999997,0.021587499999999996,0.0208,0.022112499999999997,0.0250875,0.022374999999999996,0.021774999999999996,0.022175,0.0231625,0.022712499999999997,0.02025,0.02085,0.020325000000000003,0.021374999999999998,0.022262500000000005,0.0235625,0.021625,0.0202875,0.02145,0.0233,0.023412500000000003,0.0205375,0.020262500000000003,0.0216125,0.022062500000000002,0.0205375,0.023787500000000003],"work_samples":[270,270,270,270,270,270,270,270,270,270,270,270,270,270,270,270,270,270,270,270,270,270,270,270,270,270,270,270,270,270]},"load_explicit_full_boundary":{"allocated_bytes_samples":[],"executions_per_timing_sample":1,"max_allocated_bytes":0,"max_work":0,"median_ms":1001.9787,"p95_ms":1125.1307,"samples_ms":[993.4653,995.5695,1037.9449,1047.667,1041.3935999999999,979.5197,960.9725999999999,919.4957,1064.4184,987.5681,992.3529,913.8967,951.279,1072.32,1045.3301,1125.1307,983.656,1140.2063,1096.3882,970.0147000000001,1113.2625,989.6224,931.3884999999999,1075.7235,1091.8429,1001.9787,1050.4847,1055.5292,999.8312000000001,879.3761],"work_samples":[]},"loaded_ungroup":{"allocated_bytes_samples":[0,0,0,0,0,0,0,0,0,0,0,0,0,0,0,0,0,0,0,0,0,0,0,0,0,0,0,0,0,0],"executions_per_timing_sample":1,"max_allocated_bytes":0,"max_work":222,"median_ms":0.0106,"p95_ms":0.0109,"samples_ms":[0.010499999999999999,0.0109,0.0106,0.0109,0.0106,0.0107,0.0108,0.0106,0.0106,0.010499999999999999,0.0107,0.0106,0.0106,0.0106,0.0106,0.0109,0.010499999999999999,0.0106,0.0106,0.0107,0.0106,0.010499999999999999,0.0106,0.0106,0.010499999999999999,0.0106,0.010499999999999999,0.0106,0.0108,0.0107],"work_samples":[222,222,222,222,222,222,222,222,222,222,222,222,222,222,222,222,222,222,222,222,222,222,222,222,222,222,222,222,222,222]},"redo":{"allocated_bytes_samples":[672,672,672,672,672,672,672,672,672,672,672,672,672,672,672,672,672,672,672,672,672,672,672,672,672,672,672,672,672,672],"executions_per_timing_sample":8,"max_allocated_bytes":672,"max_work":210,"median_ms":0.01515,"p95_ms":0.016600000000000004,"samples_ms":[0.016762500000000003,0.015075,0.016600000000000004,0.0156875,0.015125000000000001,0.0150875,0.015337499999999999,0.0165,0.015025,0.014775,0.0165,0.015200000000000002,0.0150375,0.015412499999999999,0.014974999999999999,0.0149875,0.015125,0.01515,0.014974999999999999,0.014937500000000003,0.014837500000000002,0.015175000000000001,0.015275,0.01525,0.0150625,0.015312499999999998,0.0152875,0.01565,0.0149,0.015062500000000001],"work_samples":[210,210,210,210,210,210,210,210,210,210,210,210,210,210,210,210,210,210,210,210,210,210,210,210,210,210,210,210,210,210]},"save_explicit_full_boundary":{"allocated_bytes_samples":[],"executions_per_timing_sample":1,"max_allocated_bytes":0,"max_work":0,"median_ms":411.55789999999996,"p95_ms":484.4321,"samples_ms":[419.3236,381.6073,398.1467,431.4151,472.87170000000003,414.4943,421.8993,484.4321,438.51230000000004,401.25280000000004,365.79970000000003,351.7985,350.6628,349.5338,391.77610000000004,417.1932,414.3053,447.4061,401.3793,398.177,407.5775,403.8059,411.55789999999996,429.3069,408.7647,486.0369,410.12739999999997,432.5297,403.2153,422.3307],"work_samples":[]},"sibling_insert_delete_reorder_then_ungroup":{"allocated_bytes_samples":[0,0,0,0,0,0,0,0,0,0,0,0,0,0,0,0,0,0,0,0,0,0,0,0,0,0,0,0,0,0],"executions_per_timing_sample":8,"max_allocated_bytes":0,"max_work":366,"median_ms":0.022150000000000003,"p95_ms":0.0242,"samples_ms":[0.023925000000000002,0.0221,0.021825000000000004,0.0236375,0.0218,0.0236375,0.025774999999999996,0.022150000000000003,0.0219625,0.022337500000000003,0.0224625,0.0242,0.022287500000000002,0.021762499999999997,0.022075000000000004,0.0221875,0.0221125,0.021775000000000003,0.021837499999999996,0.0217875,0.0218375,0.022262499999999998,0.0218125,0.023875,0.023125,0.022875,0.0221875,0.0221,0.0218,0.021849999999999994],"work_samples":[366,366,366,366,366,366,366,366,366,366,366,366,366,366,366,366,366,366,366,366,366,366,366,366,366,366,366,366,366,366]},"undo":{"allocated_bytes_samples":[0,0,0,0,0,0,0,0,0,0,0,0,0,0,0,0,0,0,0,0,0,0,0,0,0,0,0,0,0,0],"executions_per_timing_sample":8,"max_allocated_bytes":0,"max_work":263,"median_ms":0.014175,"p95_ms":0.0157875,"samples_ms":[0.014362499999999999,0.01405,0.014825,0.014825,0.014049999999999998,0.014037499999999998,0.014375,0.016550000000000002,0.014175,0.0139625,0.014287499999999998,0.0143125,0.01405,0.013962500000000001,0.013937500000000002,0.0142375,0.014162499999999998,0.014175,0.014112499999999998,0.013937499999999999,0.013924999999999998,0.014225,0.0144625,0.0157875,0.014099999999999998,0.0139125,0.0143125,0.014175,0.013937499999999999,0.0141375],"work_samples":[263,263,263,263,263,263,263,263,263,263,263,263,263,263,263,263,263,263,263,263,263,263,263,263,263,263,263,263,263,263]},"ungroup":{"allocated_bytes_samples":[0,0,0,0,0,0,0,0,0,0,0,0,0,0,0,0,0,0,0,0,0,0,0,0,0,0,0,0,0,0],"executions_per_timing_sample":8,"max_allocated_bytes":0,"max_work":345,"median_ms":0.02205,"p95_ms":0.027887500000000003,"samples_ms":[0.021825,0.023075000000000005,0.025437499999999995,0.022637499999999998,0.021525,0.021512500000000004,0.025025,0.028249999999999997,0.021587500000000003,0.021262499999999997,0.022262500000000005,0.023625,0.021450000000000004,0.021287499999999997,0.0213375,0.022362499999999997,0.022949999999999998,0.0220875,0.021325,0.021262499999999997,0.0216375,0.0229875,0.021937500000000002,0.02205,0.022887499999999998,0.0214875,0.027887500000000003,0.023425,0.021325000000000004,0.021425],"work_samples":[345,345,345,345,345,345,345,345,345,345,345,345,345,345,345,345,345,345,345,345,345,345,345,345,345,345,345,345,345,345]}},"structural_executions_per_timing_sample":8,"targets":["00000000-0000-0000-0000-000000000002","00000000-0000-0000-0000-00000000c352","00000000-0000-0000-0000-0000000186a1"],"warmups":10}],"layer":"native-release","phase":"0E-R2","ratios_100k_over_10k":{"group":{"median_time":0.4770270270270271,"work_count":1.2},"loaded_ungroup":{"median_time":1.1157894736842107,"work_count":1.2065217391304348},"redo":{"median_time":0.4631257164692396,"work_count":1.1931818181818181},"sibling_insert_delete_reorder_then_ungroup":{"median_time":0.9790055248618784,"work_count":1.2752613240418118},"undo":{"median_time":0.4746755964838844,"work_count":1.2523809523809524},"ungroup":{"median_time":0.45997392438070395,"work_count":1.2365591397849462}},"threshold_scope":"bounded structural edits; save/load are explicit full persistence boundaries"}
test native_release_r2_structural_work_is_bounded_at_10k_and_100k ... ok

test result: ok. 1 passed; 0 failed; 0 ignored; 0 measured; 0 filtered out; finished in 67.88s

