
=== Native release structural benchmark ===
working_directory=C:\Users\thdwl\Documents\Codex\WebEditor
command=powershell -NoProfile -ExecutionPolicy Bypass -File tools/cargo.ps1 test --release -p visual_authoring_runtime --test phase0e_r2_bounded -- --nocapture
started_at_utc=2026-08-11T03:20:18.1807538Z
   Compiling visual_authoring_runtime v0.1.0 (C:\Users\thdwl\Documents\Codex\WebEditor\crates\runtime)
    Finished `release` profile [optimized] target(s) in 3.36s
     Running tests\phase0e_r2_bounded.rs (target\release\deps\phase0e_r2_bounded-0e97a6bc01ab86fe.exe)

running 1 test
test native_release_r2_structural_work_is_bounded_at_10k_and_100k has been running for over 60 seconds
PHASE0E_R2_NATIVE_JSON={"all_passed":true,"fixtures":[{"measured_iterations":30,"node_count":10000,"operations":{"group":{"allocated_bytes_samples":[240,240,240,240,240,240,240,240,240,240,240,240,240,240,240,240,240,240,240,240,240,240,240,240,240,240,240,240,240,240],"executions_per_timing_sample":8,"max_allocated_bytes":240,"max_work":394,"median_ms":0.018349999999999998,"p95_ms":0.01985,"samples_ms":[0.0181625,0.018349999999999998,0.0177875,0.023587499999999997,0.0184625,0.01985,0.0185625,0.0190625,0.018375000000000002,0.0182625,0.0180875,0.018850000000000002,0.018412500000000002,0.018312500000000002,0.018525,0.018225,0.0182375,0.018274999999999996,0.0181875,0.018525,0.018325,0.018224999999999998,0.019,0.0181125,0.017875,0.018525000000000003,0.01785,0.0184125,0.017912500000000005,0.018537500000000002],"work_samples":[394,394,394,394,394,394,394,394,394,394,394,394,394,394,394,394,394,394,394,394,394,394,394,394,394,394,394,394,394,394]},"load_explicit_full_boundary":{"allocated_bytes_samples":[],"executions_per_timing_sample":1,"max_allocated_bytes":0,"max_work":0,"median_ms":104.3384,"p95_ms":162.3849,"samples_ms":[171.3416,104.7842,95.41919999999999,162.3849,129.2837,115.8234,102.22059999999999,106.8404,109.4406,102.9165,100.3327,97.0846,96.1614,105.0006,94.318,104.3384,101.756,108.193,91.5449,101.5304,97.39250000000001,99.1792,94.6645,125.59429999999999,91.6737,131.9588,111.5822,132.5729,104.2668,111.3164],"work_samples":[]},"loaded_ungroup":{"allocated_bytes_samples":[160,160,160,160,160,160,160,160,160,160,160,160,160,160,160,160,160,160,160,160,160,160,160,160,160,160,160,160,160,160],"executions_per_timing_sample":1,"max_allocated_bytes":160,"max_work":190,"median_ms":0.036399999999999995,"p95_ms":0.0494,"samples_ms":[0.0385,0.0393,0.0361,0.0354,0.0373,0.038099999999999995,0.0384,0.036399999999999995,0.0494,0.045399999999999996,0.0427,0.0462,0.0357,0.0386,0.0382,0.050800000000000005,0.0353,0.0336,0.034499999999999996,0.0348,0.0303,0.030000000000000002,0.0337,0.0326,0.0356,0.0334,0.034,0.0373,0.0419,0.035800000000000005],"work_samples":[190,190,190,190,190,190,190,190,190,190,190,190,190,190,190,190,190,190,190,190,190,190,190,190,190,190,190,190,190,190]},"redo":{"allocated_bytes_samples":[240,240,240,240,240,240,240,240,240,240,240,240,240,240,240,240,240,240,240,240,240,240,240,240,240,240,240,240,240,240],"executions_per_timing_sample":8,"max_allocated_bytes":240,"max_work":309,"median_ms":0.0134,"p95_ms":0.016025,"samples_ms":[0.013900000000000001,0.0134375,0.0132625,0.017212500000000002,0.013437499999999998,0.016025,0.01345,0.013437500000000002,0.0133625,0.014199999999999999,0.0134,0.01335,0.0133875,0.013300000000000001,0.01345,0.0133375,0.013325000000000002,0.013837499999999999,0.0133125,0.013375,0.015375,0.013374999999999998,0.013600000000000001,0.013875,0.013300000000000003,0.01335,0.013262500000000002,0.013300000000000001,0.0133,0.0134],"work_samples":[309,309,309,309,309,309,309,309,309,309,309,309,309,309,309,309,309,309,309,309,309,309,309,309,309,309,309,309,309,309]},"save_explicit_full_boundary":{"allocated_bytes_samples":[],"executions_per_timing_sample":1,"max_allocated_bytes":0,"max_work":0,"median_ms":38.3464,"p95_ms":62.0544,"samples_ms":[33.8655,34.1252,46.123999999999995,37.3921,35.2019,73.11030000000001,60.0667,43.0042,34.2094,50.7696,42.1182,62.0544,46.4473,47.9623,60.3543,40.7369,36.5714,34.3013,34.013799999999996,35.1902,52.114,50.1418,37.1818,36.011500000000005,35.0345,34.195499999999996,33.696600000000004,33.8283,40.186,38.3464],"work_samples":[]},"sibling_insert_delete_reorder_then_ungroup":{"allocated_bytes_samples":[0,0,0,0,0,0,0,0,0,0,0,0,0,0,0,0,0,0,0,0,0,0,0,0,0,0,0,0,0,0],"executions_per_timing_sample":8,"max_allocated_bytes":0,"max_work":346,"median_ms":0.019075,"p95_ms":0.0517125,"samples_ms":[0.019049999999999997,0.018975000000000002,0.01895,0.018887499999999998,0.018912499999999995,0.019025,0.029287499999999994,0.019524999999999997,0.019025,0.019975,0.019874999999999997,0.020287499999999997,0.019000000000000003,0.0191,0.018925,0.01895,0.019075,0.019049999999999997,0.019074999999999998,0.020050000000000002,0.018962499999999997,0.019062500000000003,0.019200000000000002,0.0204625,0.01905,0.021712500000000003,0.15348749999999997,0.0517125,0.0502375,0.050137499999999995],"work_samples":[346,346,346,346,346,346,346,346,346,346,346,346,346,346,346,346,346,346,346,346,346,346,346,346,346,346,346,346,346,346]},"undo":{"allocated_bytes_samples":[0,0,0,0,0,0,0,0,0,0,0,0,0,0,0,0,0,0,0,0,0,0,0,0,0,0,0,0,0,0],"executions_per_timing_sample":8,"max_allocated_bytes":0,"max_work":233,"median_ms":0.0109375,"p95_ms":0.0116125,"samples_ms":[0.010875000000000001,0.011449999999999998,0.01095,0.015175,0.0109375,0.011237500000000001,0.011075,0.011049999999999999,0.011025,0.0109875,0.010925,0.010924999999999997,0.011037499999999999,0.0109,0.010924999999999999,0.010949999999999998,0.0109125,0.010999999999999998,0.0109375,0.0116125,0.010924999999999997,0.010875000000000001,0.011075,0.0109,0.010874999999999998,0.010925,0.010825000000000001,0.0109,0.010850000000000002,0.0110375],"work_samples":[233,233,233,233,233,233,233,233,233,233,233,233,233,233,233,233,233,233,233,233,233,233,233,233,233,233,233,233,233,233]},"ungroup":{"allocated_bytes_samples":[0,0,0,0,0,0,0,0,0,0,0,0,0,0,0,0,0,0,0,0,0,0,0,0,0,0,0,0,0,0],"executions_per_timing_sample":8,"max_allocated_bytes":0,"max_work":299,"median_ms":0.016512500000000003,"p95_ms":0.017575,"samples_ms":[0.016712499999999998,0.0162625,0.0162,0.0193,0.016612500000000002,0.0175625,0.016375,0.01655,0.016624999999999997,0.016362500000000002,0.016499999999999997,0.016212499999999998,0.016212499999999998,0.0170375,0.0162625,0.016737499999999995,0.0169625,0.016337499999999998,0.0161625,0.0168125,0.016325,0.017374999999999998,0.0173125,0.016349999999999996,0.016512500000000003,0.016649999999999998,0.016112500000000002,0.016212499999999998,0.0161875,0.017575],"work_samples":[299,299,299,299,299,299,299,299,299,299,299,299,299,299,299,299,299,299,299,299,299,299,299,299,299,299,299,299,299,299]}},"structural_executions_per_timing_sample":8,"targets":["00000000-0000-0000-0000-000000000002","00000000-0000-0000-0000-00000000138a","00000000-0000-0000-0000-000000002711"],"warmups":10},{"measured_iterations":30,"node_count":100000,"operations":{"group":{"allocated_bytes_samples":[240,240,240,240,240,240,240,240,240,240,240,240,240,240,240,240,240,240,240,240,240,240,240,240,240,240,240,240,240,240],"executions_per_timing_sample":8,"max_allocated_bytes":240,"max_work":484,"median_ms":0.0252375,"p95_ms":0.028375000000000004,"samples_ms":[0.024325,0.02605,0.027250000000000003,0.028375000000000004,0.0264125,0.023274999999999997,0.0252375,0.025012500000000003,0.023287500000000003,0.02715,0.023575,0.026675,0.0263125,0.0235,0.0230375,0.023887500000000002,0.023075,0.0236625,0.025887499999999997,0.025112499999999996,0.023475,0.025637499999999997,0.026612499999999997,0.027262499999999995,0.025887499999999997,0.023012499999999998,0.023,0.022899999999999997,0.028537499999999997,0.028350000000000004],"work_samples":[484,484,484,484,484,484,484,484,484,484,484,484,484,484,484,484,484,484,484,484,484,484,484,484,484,484,484,484,484,484]},"load_explicit_full_boundary":{"allocated_bytes_samples":[],"executions_per_timing_sample":1,"max_allocated_bytes":0,"max_work":0,"median_ms":1137.3048999999999,"p95_ms":1261.0779,"samples_ms":[1300.0559,1201.1362000000001,1181.5882,1196.6927,1048.237,1235.6614,1136.3702,1261.0779,1094.9146,1186.1098000000002,1107.3420999999998,1148.6508,1166.4568,1144.9758000000002,996.0667,1137.3048999999999,1127.0408,1154.5287,1194.0283,1166.204,1244.5028,1083.9289999999999,1101.5202,1116.3947,1046.9669999999999,1041.6402,1077.747,1063.4688,1058.23,1076.0417],"work_samples":[]},"loaded_ungroup":{"allocated_bytes_samples":[160,160,160,160,160,160,160,160,160,160,160,160,160,160,160,160,160,160,160,160,160,160,160,160,160,160,160,160,160,160],"executions_per_timing_sample":1,"max_allocated_bytes":160,"max_work":239,"median_ms":0.0497,"p95_ms":0.0691,"samples_ms":[0.0517,0.0479,0.0466,0.0472,0.0418,0.0553,0.0453,0.048,0.050800000000000005,0.0994,0.0488,0.0564,0.0497,0.0474,0.0465,0.0511,0.0475,0.0691,0.06430000000000001,0.047,0.0501,0.044700000000000004,0.0532,0.0494,0.0501,0.057800000000000004,0.049,0.0474,0.0507,0.0571],"work_samples":[239,239,239,239,239,239,239,239,239,239,239,239,239,239,239,239,239,239,239,239,239,239,239,239,239,239,239,239,239,239]},"redo":{"allocated_bytes_samples":[240,240,240,240,240,240,240,240,240,240,240,240,240,240,240,240,240,240,240,240,240,240,240,240,240,240,240,240,240,240],"executions_per_timing_sample":8,"max_allocated_bytes":240,"max_work":375,"median_ms":0.0175375,"p95_ms":0.0215625,"samples_ms":[0.0177625,0.017599999999999998,0.0175875,0.0215625,0.018125,0.0174125,0.0176375,0.017487499999999996,0.017425,0.0178875,0.018199999999999997,0.0174625,0.01785,0.01735,0.017225,0.017512499999999997,0.0173125,0.0172125,0.0173875,0.017349999999999997,0.01725,0.0205875,0.017575,0.0175375,0.017499999999999998,0.0171875,0.0177875,0.017312499999999998,0.023437500000000003,0.017662499999999998],"work_samples":[375,375,375,375,375,375,375,375,375,375,375,375,375,375,375,375,375,375,375,375,375,375,375,375,375,375,375,375,375,375]},"save_explicit_full_boundary":{"allocated_bytes_samples":[],"executions_per_timing_sample":1,"max_allocated_bytes":0,"max_work":0,"median_ms":457.3687,"p95_ms":507.34330000000006,"samples_ms":[468.63169999999997,434.8321,439.423,457.3687,488.2573,429.6643,450.5648,466.29350000000005,451.6895,479.72249999999997,460.2754,440.0536,403.6177,518.0460999999999,419.2862,439.27500000000003,507.34330000000006,442.2618,438.8578,440.6809,436.08639999999997,445.9519,501.42589999999996,496.06129999999996,481.2302,494.14950000000005,463.6767,469.77790000000005,473.74719999999996,439.1452],"work_samples":[]},"sibling_insert_delete_reorder_then_ungroup":{"allocated_bytes_samples":[0,0,0,0,0,0,0,0,0,0,0,0,0,0,0,0,0,0,0,0,0,0,0,0,0,0,0,0,0,0],"executions_per_timing_sample":8,"max_allocated_bytes":0,"max_work":448,"median_ms":0.0235625,"p95_ms":0.0277,"samples_ms":[0.0236875,0.023524999999999997,0.023575,0.027212499999999997,0.024437500000000004,0.023525,0.023962499999999998,0.023549999999999998,0.0234625,0.023450000000000006,0.0233875,0.023562500000000004,0.023474999999999996,0.0277,0.026537500000000002,0.0239125,0.023625,0.023774999999999998,0.03819999999999999,0.023725,0.023549999999999998,0.0235625,0.023525,0.0234125,0.0234625,0.0233875,0.023437500000000003,0.023549999999999998,0.0235125,0.0245125],"work_samples":[448,448,448,448,448,448,448,448,448,448,448,448,448,448,448,448,448,448,448,448,448,448,448,448,448,448,448,448,448,448]},"undo":{"allocated_bytes_samples":[0,0,0,0,0,0,0,0,0,0,0,0,0,0,0,0,0,0,0,0,0,0,0,0,0,0,0,0,0,0],"executions_per_timing_sample":8,"max_allocated_bytes":0,"max_work":288,"median_ms":0.015025,"p95_ms":0.019062500000000003,"samples_ms":[0.018625,0.015550000000000001,0.015387500000000002,0.015999999999999997,0.0151625,0.0149625,0.0158625,0.015025000000000002,0.014887500000000001,0.0158625,0.014937500000000001,0.015050000000000001,0.015,0.014862500000000002,0.0148625,0.015,0.0148625,0.0148,0.015300000000000001,0.0148375,0.014862499999999999,0.019062500000000003,0.015500000000000002,0.015725,0.015012500000000002,0.014712499999999998,0.014825000000000001,0.0148,0.019087500000000004,0.015025],"work_samples":[288,288,288,288,288,288,288,288,288,288,288,288,288,288,288,288,288,288,288,288,288,288,288,288,288,288,288,288,288,288]},"ungroup":{"allocated_bytes_samples":[0,0,0,0,0,0,0,0,0,0,0,0,0,0,0,0,0,0,0,0,0,0,0,0,0,0,0,0,0,0],"executions_per_timing_sample":8,"max_allocated_bytes":0,"max_work":371,"median_ms":0.021774999999999996,"p95_ms":0.0276625,"samples_ms":[0.021400000000000002,0.021425,0.0224625,0.0276625,0.021475,0.022387499999999998,0.021487500000000003,0.0236875,0.022224999999999998,0.021962500000000003,0.021549999999999996,0.022412500000000002,0.021437500000000005,0.0212875,0.0219875,0.0229625,0.028512499999999996,0.0211375,0.023425,0.021262499999999997,0.02115,0.024112500000000002,0.021375,0.025512499999999997,0.021462499999999995,0.0212125,0.021387499999999997,0.021774999999999996,0.026750000000000003,0.0214],"work_samples":[371,371,371,371,371,371,371,371,371,371,371,371,371,371,371,371,371,371,371,371,371,371,371,371,371,371,371,371,371,371]}},"structural_executions_per_timing_sample":8,"targets":["00000000-0000-0000-0000-000000000002","00000000-0000-0000-0000-00000000c352","00000000-0000-0000-0000-0000000186a1"],"warmups":10}],"layer":"native-release","phase":"0E-R2","ratios_100k_over_10k":{"group":{"median_time":1.375340599455041,"work_count":1.2284263959390862},"loaded_ungroup":{"median_time":1.3653846153846156,"work_count":1.2578947368421052},"redo":{"median_time":1.3087686567164178,"work_count":1.2135922330097086},"sibling_insert_delete_reorder_then_ungroup":{"median_time":1.2352555701179553,"work_count":1.2947976878612717},"undo":{"median_time":1.3737142857142859,"work_count":1.2360515021459229},"ungroup":{"median_time":1.3186979560938679,"work_count":1.2408026755852843}},"threshold_scope":"bounded structural edits; save/load are explicit full persistence boundaries"}
test native_release_r2_structural_work_is_bounded_at_10k_and_100k ... ok

test result: ok. 1 passed; 0 failed; 0 ignored; 0 measured; 0 filtered out; finished in 84.22s

exit_code=0
finished_at_utc=2026-08-11T03:21:47.0010125Z
