
=== Direct EngineHost release structural benchmark ===
working_directory=C:\Users\thdwl\Documents\Codex\WebEditor
command=powershell -NoProfile -ExecutionPolicy Bypass -File tools/cargo.ps1 test --release -p visual_authoring_wasm_bridge phase0e_r2_direct_engine_host -- --nocapture
started_at_utc=2026-08-11T03:21:47.0280056Z
   Compiling visual_authoring_wasm_bridge v0.1.0 (C:\Users\thdwl\Documents\Codex\WebEditor\crates\wasm_bridge)
    Finished `release` profile [optimized] target(s) in 12.03s
     Running unittests src\lib.rs (target\release\deps\visual_authoring_wasm_bridge-d4aaf128ad5884ac.exe)

running 1 test
PHASE0E_R2_WASM_JSON={"all_passed":true,"fixtures":[{"measured_iterations":30,"node_count":10000,"operations":{"group":{"max_work":394,"median_ms":0.4296,"p95_ms":0.5720999999999999,"samples_ms":[0.3144,0.3137,0.515,0.4359,0.43370000000000003,0.4642,0.4412,0.5670999999999999,0.4313,0.5720999999999999,0.4296,0.3456,0.3182,0.3395,0.3161,0.3195,0.3147,0.31970000000000004,0.31829999999999997,0.3147,0.3187,0.3144,0.4623,0.472,0.6018,0.4256,0.4703,0.5045,0.4279,0.4325],"work_samples":[394,394,394,394,394,394,394,394,394,394,394,394,394,394,394,394,394,394,394,394,394,394,394,394,394,394,394,394,394,394]},"redo":{"max_work":309,"median_ms":0.4028,"p95_ms":0.5762,"samples_ms":[0.29819999999999997,0.3006,0.4792,0.5542,0.4016,0.40700000000000003,0.4034,0.4452,0.3984,0.4185,0.6554,0.3075,0.30269999999999997,0.3015,0.2973,0.2939,0.3054,0.2949,0.29359999999999997,0.2927,0.3059,0.4738,0.404,0.5762,0.42729999999999996,0.4028,0.40030000000000004,0.4393,0.4623,0.4452],"work_samples":[309,309,309,309,309,309,309,309,309,309,309,309,309,309,309,309,309,309,309,309,309,309,309,309,309,309,309,309,309,309]},"sibling_insert_delete_reorder_then_ungroup":{"max_work":346,"median_ms":0.36479999999999996,"p95_ms":0.8229,"samples_ms":[0.3631,0.4371,0.36479999999999996,0.36019999999999996,0.3612,0.3699,0.3635,0.3037,0.3043,0.7284999999999999,0.7422000000000001,0.3371,0.32949999999999996,0.3343,0.7956000000000001,0.8059999999999999,0.8229,0.8275,0.3508,0.3995,0.3618,0.3896,0.37120000000000003,0.35209999999999997,0.3638,0.3682,0.3655,0.3202,0.35619999999999996,0.5127],"work_samples":[346,346,346,346,346,346,346,346,346,346,346,346,346,346,346,346,346,346,346,346,346,346,346,346,346,346,346,346,346,346]},"undo":{"max_work":233,"median_ms":0.38739999999999997,"p95_ms":0.5468,"samples_ms":[0.2757,0.3137,0.6348,0.5142,0.4247,0.3782,0.37589999999999996,0.48879999999999996,0.4168,0.3882,0.5468,0.3412,0.2855,0.2813,0.2831,0.27769999999999995,0.2764,0.2812,0.2778,0.27530000000000004,0.2776,0.4618,0.4323,0.4047,0.4073,0.4271,0.38739999999999997,0.4181,0.373,0.4136],"work_samples":[233,233,233,233,233,233,233,233,233,233,233,233,233,233,233,233,233,233,233,233,233,233,233,233,233,233,233,233,233,233]},"ungroup":{"max_work":299,"median_ms":0.3977,"p95_ms":0.5005,"samples_ms":[0.29109999999999997,0.29300000000000004,0.4605,0.5005,0.3984,0.41800000000000004,0.45740000000000003,0.4007,0.39649999999999996,0.4501,0.38230000000000003,0.2998,0.30029999999999996,0.3137,0.2923,0.29819999999999997,0.2938,0.2926,0.2919,0.3552,0.2939,0.4147,0.5932999999999999,0.4595,0.4004,0.4047,0.4475,0.4025,0.3977,0.31770000000000004],"work_samples":[299,299,299,299,299,299,299,299,299,299,299,299,299,299,299,299,299,299,299,299,299,299,299,299,299,299,299,299,299,299]}},"persistence_bytes":6545096,"target_ids":["00000000-0000-0000-0000-000000000002","00000000-0000-0000-0000-00000000138a","00000000-0000-0000-0000-000000002711"],"warmups":10},{"measured_iterations":30,"node_count":100000,"operations":{"group":{"max_work":484,"median_ms":0.21000000000000002,"p95_ms":0.2563,"samples_ms":[0.2049,0.2059,0.2179,0.2082,0.2156,0.21469999999999997,0.2263,0.20570000000000002,0.20550000000000002,0.20729999999999998,0.2764,0.2163,0.21330000000000002,0.2044,0.2043,0.2059,0.2068,0.22460000000000002,0.21000000000000002,0.2096,0.2046,0.2033,0.2563,0.2424,0.20650000000000002,0.21230000000000002,0.2054,0.2273,0.2228,0.2223],"work_samples":[484,484,484,484,484,484,484,484,484,484,484,484,484,484,484,484,484,484,484,484,484,484,484,484,484,484,484,484,484,484]},"redo":{"max_work":375,"median_ms":0.18450000000000003,"p95_ms":0.20829999999999999,"samples_ms":[0.2334,0.1821,0.20829999999999999,0.1832,0.184,0.1849,0.186,0.193,0.1846,0.18239999999999998,0.1855,0.1829,0.1842,0.1872,0.193,0.1828,0.1837,0.1832,0.1831,0.1834,0.18780000000000002,0.1838,0.185,0.18689999999999998,0.1831,0.18430000000000002,0.1842,0.19090000000000001,0.1847,0.18450000000000003],"work_samples":[375,375,375,375,375,375,375,375,375,375,375,375,375,375,375,375,375,375,375,375,375,375,375,375,375,375,375,375,375,375]},"sibling_insert_delete_reorder_then_ungroup":{"max_work":448,"median_ms":0.185,"p95_ms":0.5827,"samples_ms":[0.2614,0.2633,0.2763,0.5827,0.5561,0.5839000000000001,0.4944,0.1848,0.1847,0.18259999999999998,0.1841,0.1835,0.1837,0.1821,0.1835,0.1864,0.1839,0.47419999999999995,0.47550000000000003,0.47409999999999997,0.4897,0.1965,0.18330000000000002,0.18330000000000002,0.1829,0.18919999999999998,0.18330000000000002,0.185,0.1832,0.184],"work_samples":[448,448,448,448,448,448,448,448,448,448,448,448,448,448,448,448,448,448,448,448,448,448,448,448,448,448,448,448,448,448]},"undo":{"max_work":288,"median_ms":0.1682,"p95_ms":0.1799,"samples_ms":[0.1669,0.1663,0.1679,0.16899999999999998,0.1683,0.1707,0.1783,0.1673,0.1678,0.1673,0.1887,0.1678,0.16970000000000002,0.1729,0.1655,0.16699999999999998,0.1681,0.1738,0.1682,0.1692,0.1663,0.1669,0.1799,0.1776,0.1665,0.16899999999999998,0.1717,0.16770000000000002,0.1675,0.1707],"work_samples":[288,288,288,288,288,288,288,288,288,288,288,288,288,288,288,288,288,288,288,288,288,288,288,288,288,288,288,288,288,288]},"ungroup":{"max_work":371,"median_ms":0.1848,"p95_ms":0.1988,"samples_ms":[0.1885,0.1928,0.1988,0.1847,0.1825,0.1867,0.1847,0.1842,0.1916,0.1825,0.1849,0.1831,0.18230000000000002,0.1835,0.1851,0.1926,0.1829,0.18259999999999998,0.18230000000000002,0.18259999999999998,0.1831,0.188,0.1966,0.1854,0.184,0.1834,0.19019999999999998,0.1848,0.3328,0.1918],"work_samples":[371,371,371,371,371,371,371,371,371,371,371,371,371,371,371,371,371,371,371,371,371,371,371,371,371,371,371,371,371,371]}},"persistence_bytes":65851687,"target_ids":["00000000-0000-0000-0000-000000000002","00000000-0000-0000-0000-00000000c352","00000000-0000-0000-0000-0000000186a1"],"warmups":10}],"layer":"direct-engine-host","phase":"0E-R2","ratios_100k_over_10k":{"group":{"median_time":0.48882681564245817,"work_count":1.2284263959390862},"redo":{"median_time":0.458043694141013,"work_count":1.2135922330097086},"sibling_insert_delete_reorder_then_ungroup":{"median_time":0.5071271929824562,"work_count":1.2947976878612717},"undo":{"median_time":0.43417656169334023,"work_count":1.2360515021459229},"ungroup":{"median_time":0.4646718632134775,"work_count":1.2408026755852843}}}
test tests::phase0e_r2_direct_engine_host_is_bounded_at_10k_and_100k ... ok

test result: ok. 1 passed; 0 failed; 0 ignored; 0 measured; 10 filtered out; finished in 16.90s

     Running tests\phase0e_projection.rs (target\release\deps\phase0e_projection-d59375f332e2029e.exe)

running 0 tests

test result: ok. 0 passed; 0 failed; 0 ignored; 0 measured; 3 filtered out; finished in 0.00s

     Running tests\phase0e_r1_projection.rs (target\release\deps\phase0e_r1_projection-d895f308daaba90a.exe)

running 0 tests

test result: ok. 0 passed; 0 failed; 0 ignored; 0 measured; 1 filtered out; finished in 0.00s

exit_code=0
finished_at_utc=2026-08-11T03:22:18.5741477Z
